2020/08/19-19:15:46.145195 7ff0765d3ac0 RocksDB version: 6.11.0
2020/08/19-19:15:46.145278 7ff0765d3ac0 Git sha rocksdb_build_git_sha:8a5c7477b6343190cf7aefdfe6d95e0333bb7537
2020/08/19-19:15:46.145286 7ff0765d3ac0 Compile date Aug 19 2020
2020/08/19-19:15:46.145422 7ff0765d3ac0 DB SUMMARY
2020/08/19-19:15:46.145428 7ff0765d3ac0 DB Session ID:  5d8df042-368a-4c4e-b9cc-ad148cf144f6
2020/08/19-19:15:46.145492 7ff0765d3ac0 SST files in /home/jinghuan/rocksdb_hdd dir, Total Num: 0, files: 
2020/08/19-19:15:46.145554 7ff0765d3ac0 SST files in /home/jinghuan/rocksdb_ssd dir, Total Num: 0, files: 
2020/08/19-19:15:46.145559 7ff0765d3ac0 SST files in /home/jinghuan/rocksdb_hdd dir, Total Num: 0, files: 
2020/08/19-19:15:46.145607 7ff0765d3ac0 SST files in /home/jinghuan/rocksdb_ssd dir, Total Num: 0, files: 
2020/08/19-19:15:46.145612 7ff0765d3ac0 Write Ahead Log file in /home/jinghuan/rocksdb_hdd: 
2020/08/19-19:15:46.145617 7ff0765d3ac0                         Options.error_if_exists: 0
2020/08/19-19:15:46.145621 7ff0765d3ac0                       Options.create_if_missing: 1
2020/08/19-19:15:46.145625 7ff0765d3ac0                         Options.paranoid_checks: 1
2020/08/19-19:15:46.145628 7ff0765d3ac0                                     Options.env: 0x55e653c649a0
2020/08/19-19:15:46.145632 7ff0765d3ac0                                      Options.fs: Posix File System
2020/08/19-19:15:46.145636 7ff0765d3ac0                                Options.info_log: 0x55e6551b18a0
2020/08/19-19:15:46.145640 7ff0765d3ac0                Options.max_file_opening_threads: 16
2020/08/19-19:15:46.145643 7ff0765d3ac0                              Options.statistics: (nil)
2020/08/19-19:15:46.145647 7ff0765d3ac0                               Options.use_fsync: 0
2020/08/19-19:15:46.145651 7ff0765d3ac0                       Options.max_log_file_size: 0
2020/08/19-19:15:46.145654 7ff0765d3ac0                  Options.max_manifest_file_size: 1073741824
2020/08/19-19:15:46.145658 7ff0765d3ac0                   Options.log_file_time_to_roll: 0
2020/08/19-19:15:46.145661 7ff0765d3ac0                       Options.keep_log_file_num: 1000
2020/08/19-19:15:46.145665 7ff0765d3ac0                    Options.recycle_log_file_num: 0
2020/08/19-19:15:46.145668 7ff0765d3ac0                         Options.allow_fallocate: 1
2020/08/19-19:15:46.145672 7ff0765d3ac0                        Options.allow_mmap_reads: 0
2020/08/19-19:15:46.145675 7ff0765d3ac0                       Options.allow_mmap_writes: 0
2020/08/19-19:15:46.145678 7ff0765d3ac0                        Options.use_direct_reads: 0
2020/08/19-19:15:46.145682 7ff0765d3ac0                        Options.use_direct_io_for_flush_and_compaction: 0
2020/08/19-19:15:46.145685 7ff0765d3ac0          Options.create_missing_column_families: 0
2020/08/19-19:15:46.145688 7ff0765d3ac0                              Options.db_log_dir: 
2020/08/19-19:15:46.145692 7ff0765d3ac0                                 Options.wal_dir: /home/jinghuan/rocksdb_hdd
2020/08/19-19:15:46.145695 7ff0765d3ac0                Options.table_cache_numshardbits: 4
2020/08/19-19:15:46.145699 7ff0765d3ac0                      Options.max_subcompactions: 1
2020/08/19-19:15:46.145702 7ff0765d3ac0                         Options.WAL_ttl_seconds: 0
2020/08/19-19:15:46.145706 7ff0765d3ac0                       Options.WAL_size_limit_MB: 0
2020/08/19-19:15:46.145709 7ff0765d3ac0                        Options.max_write_batch_group_size_bytes: 1048576
2020/08/19-19:15:46.145713 7ff0765d3ac0             Options.manifest_preallocation_size: 4194304
2020/08/19-19:15:46.145716 7ff0765d3ac0                     Options.is_fd_close_on_exec: 1
2020/08/19-19:15:46.145720 7ff0765d3ac0                   Options.advise_random_on_open: 1
2020/08/19-19:15:46.145723 7ff0765d3ac0                    Options.db_write_buffer_size: 0
2020/08/19-19:15:46.145727 7ff0765d3ac0                    Options.write_buffer_manager: 0x55e6551b1810
2020/08/19-19:15:46.145730 7ff0765d3ac0         Options.access_hint_on_compaction_start: 1
2020/08/19-19:15:46.145733 7ff0765d3ac0  Options.new_table_reader_for_compaction_inputs: 1
2020/08/19-19:15:46.145737 7ff0765d3ac0           Options.random_access_max_buffer_size: 1048576
2020/08/19-19:15:46.145767 7ff0765d3ac0                      Options.use_adaptive_mutex: 0
2020/08/19-19:15:46.145774 7ff0765d3ac0                            Options.rate_limiter: (nil)
2020/08/19-19:15:46.145781 7ff0765d3ac0     Options.sst_file_manager.rate_bytes_per_sec: 0
2020/08/19-19:15:46.145794 7ff0765d3ac0                       Options.wal_recovery_mode: 2
2020/08/19-19:15:46.145806 7ff0765d3ac0                  Options.enable_thread_tracking: 0
2020/08/19-19:15:46.145812 7ff0765d3ac0                  Options.enable_pipelined_write: 1
2020/08/19-19:15:46.145818 7ff0765d3ac0                  Options.unordered_write: 0
2020/08/19-19:15:46.145824 7ff0765d3ac0         Options.allow_concurrent_memtable_write: 1
2020/08/19-19:15:46.145830 7ff0765d3ac0      Options.enable_write_thread_adaptive_yield: 1
2020/08/19-19:15:46.145836 7ff0765d3ac0             Options.write_thread_max_yield_usec: 100
2020/08/19-19:15:46.145845 7ff0765d3ac0            Options.write_thread_slow_yield_usec: 3
2020/08/19-19:15:46.145851 7ff0765d3ac0                               Options.row_cache: None
2020/08/19-19:15:46.145857 7ff0765d3ac0                              Options.wal_filter: None
2020/08/19-19:15:46.145863 7ff0765d3ac0             Options.avoid_flush_during_recovery: 0
2020/08/19-19:15:46.145870 7ff0765d3ac0             Options.allow_ingest_behind: 0
2020/08/19-19:15:46.145876 7ff0765d3ac0             Options.preserve_deletes: 0
2020/08/19-19:15:46.145882 7ff0765d3ac0             Options.two_write_queues: 0
2020/08/19-19:15:46.145889 7ff0765d3ac0             Options.manual_wal_flush: 0
2020/08/19-19:15:46.145895 7ff0765d3ac0             Options.atomic_flush: 0
2020/08/19-19:15:46.145903 7ff0765d3ac0             Options.avoid_unnecessary_blocking_io: 0
2020/08/19-19:15:46.145909 7ff0765d3ac0                 Options.persist_stats_to_disk: 0
2020/08/19-19:15:46.145916 7ff0765d3ac0                 Options.write_dbid_to_manifest: 0
2020/08/19-19:15:46.145922 7ff0765d3ac0                 Options.log_readahead_size: 0
2020/08/19-19:15:46.145928 7ff0765d3ac0                 Options.file_checksum_gen_factory: Unknown
2020/08/19-19:15:46.145935 7ff0765d3ac0                 Options.best_efforts_recovery: 0
2020/08/19-19:15:46.145943 7ff0765d3ac0             Options.max_background_jobs: 13
2020/08/19-19:15:46.145950 7ff0765d3ac0             Options.max_background_compactions: 12
2020/08/19-19:15:46.145956 7ff0765d3ac0             Options.avoid_flush_during_shutdown: 0
2020/08/19-19:15:46.145963 7ff0765d3ac0           Options.writable_file_max_buffer_size: 1048576
2020/08/19-19:15:46.145970 7ff0765d3ac0             Options.delayed_write_rate : 8388608
2020/08/19-19:15:46.145977 7ff0765d3ac0             Options.max_total_wal_size: 0
2020/08/19-19:15:46.145984 7ff0765d3ac0             Options.delete_obsolete_files_period_micros: 21600000000
2020/08/19-19:15:46.145992 7ff0765d3ac0                   Options.stats_dump_period_sec: 600
2020/08/19-19:15:46.145998 7ff0765d3ac0                 Options.stats_persist_period_sec: 600
2020/08/19-19:15:46.146004 7ff0765d3ac0                 Options.stats_history_buffer_size: 1048576
2020/08/19-19:15:46.146012 7ff0765d3ac0                          Options.max_open_files: -1
2020/08/19-19:15:46.146019 7ff0765d3ac0                          Options.bytes_per_sync: 0
2020/08/19-19:15:46.146032 7ff0765d3ac0                      Options.wal_bytes_per_sync: 0
2020/08/19-19:15:46.146038 7ff0765d3ac0                   Options.strict_bytes_per_sync: 0
2020/08/19-19:15:46.146045 7ff0765d3ac0       Options.compaction_readahead_size: 0
2020/08/19-19:15:46.146051 7ff0765d3ac0                  Options.max_background_flushes: 1
2020/08/19-19:15:46.146058 7ff0765d3ac0 Compression algorithms supported:
2020/08/19-19:15:46.146066 7ff0765d3ac0 	kZSTDNotFinalCompression supported: 0
2020/08/19-19:15:46.146073 7ff0765d3ac0 	kZSTD supported: 0
2020/08/19-19:15:46.146079 7ff0765d3ac0 	kXpressCompression supported: 0
2020/08/19-19:15:46.146083 7ff0765d3ac0 	kLZ4HCCompression supported: 0
2020/08/19-19:15:46.146119 7ff0765d3ac0 	kLZ4Compression supported: 0
2020/08/19-19:15:46.146123 7ff0765d3ac0 	kBZip2Compression supported: 0
2020/08/19-19:15:46.146127 7ff0765d3ac0 	kZlibCompression supported: 1
2020/08/19-19:15:46.146131 7ff0765d3ac0 	kSnappyCompression supported: 1
2020/08/19-19:15:46.146140 7ff0765d3ac0 Fast CRC32 supported: Supported on x86
2020/08/19-19:15:46.195710 7ff0765d3ac0 [/db_impl/db_impl_open.cc:271] Creating manifest 1 
2020/08/19-19:15:46.304545 7ff0765d3ac0 [/version_set.cc:4537] Recovering from manifest file: /home/jinghuan/rocksdb_hdd/MANIFEST-000001
2020/08/19-19:15:46.304715 7ff0765d3ac0 [/column_family.cc:577] --------------- Options for column family [default]:
2020/08/19-19:15:46.304719 7ff0765d3ac0               Options.comparator: leveldb.BytewiseComparator
2020/08/19-19:15:46.304720 7ff0765d3ac0           Options.merge_operator: None
2020/08/19-19:15:46.304722 7ff0765d3ac0        Options.compaction_filter: None
2020/08/19-19:15:46.304723 7ff0765d3ac0        Options.compaction_filter_factory: None
2020/08/19-19:15:46.304725 7ff0765d3ac0         Options.memtable_factory: SkipListFactory
2020/08/19-19:15:46.304726 7ff0765d3ac0            Options.table_factory: BlockBasedTable
2020/08/19-19:15:46.304756 7ff0765d3ac0            table_factory options:   flush_block_policy_factory: FlushBlockBySizePolicyFactory (0x55e655188aa0)
  cache_index_and_filter_blocks: 0
  cache_index_and_filter_blocks_with_high_priority: 1
  pin_l0_filter_and_index_blocks_in_cache: 0
  pin_top_level_index_and_filter: 0
  index_type: 0
  data_block_index_type: 0
  index_shortening: 2
  data_block_hash_table_util_ratio: 0.750000
  hash_index_allow_collision: 1
  checksum: 1
  no_block_cache: 0
  block_cache: 0x55e655170610
  block_cache_name: LRUCache
  block_cache_options:
    capacity : 8388608
    num_shard_bits : 6
    strict_capacity_limit : 0
    memory_allocator : None
    high_pri_pool_ratio: 0.000
  block_cache_compressed: (nil)
  persistent_cache: (nil)
  block_size: 65536
  block_size_deviation: 10
  block_restart_interval: 16
  index_block_restart_interval: 1
  metadata_block_size: 4096
  partition_filters: 0
  use_delta_encoding: 1
  filter_policy: rocksdb.BuiltinBloomFilter
  whole_key_filtering: 1
  verify_compression: 0
  read_amp_bytes_per_bit: 0
  format_version: 4
  enable_index_compression: 1
  block_align: 0
2020/08/19-19:15:46.304758 7ff0765d3ac0        Options.write_buffer_size: 67108864
2020/08/19-19:15:46.304759 7ff0765d3ac0  Options.max_write_buffer_number: 2
2020/08/19-19:15:46.304761 7ff0765d3ac0          Options.compression: NoCompression
2020/08/19-19:15:46.304762 7ff0765d3ac0                  Options.bottommost_compression: Disabled
2020/08/19-19:15:46.304763 7ff0765d3ac0       Options.prefix_extractor: nullptr
2020/08/19-19:15:46.304764 7ff0765d3ac0   Options.memtable_insert_with_hint_prefix_extractor: nullptr
2020/08/19-19:15:46.304766 7ff0765d3ac0             Options.num_levels: 7
2020/08/19-19:15:46.304767 7ff0765d3ac0        Options.min_write_buffer_number_to_merge: 1
2020/08/19-19:15:46.304768 7ff0765d3ac0     Options.max_write_buffer_number_to_maintain: 0
2020/08/19-19:15:46.304769 7ff0765d3ac0     Options.max_write_buffer_size_to_maintain: 0
2020/08/19-19:15:46.304770 7ff0765d3ac0            Options.bottommost_compression_opts.window_bits: -14
2020/08/19-19:15:46.304771 7ff0765d3ac0                  Options.bottommost_compression_opts.level: 32767
2020/08/19-19:15:46.304773 7ff0765d3ac0               Options.bottommost_compression_opts.strategy: 0
2020/08/19-19:15:46.304774 7ff0765d3ac0         Options.bottommost_compression_opts.max_dict_bytes: 0
2020/08/19-19:15:46.304775 7ff0765d3ac0         Options.bottommost_compression_opts.zstd_max_train_bytes: 0
2020/08/19-19:15:46.304776 7ff0765d3ac0         Options.bottommost_compression_opts.parallel_threads: 1
2020/08/19-19:15:46.304777 7ff0765d3ac0                  Options.bottommost_compression_opts.enabled: false
2020/08/19-19:15:46.304778 7ff0765d3ac0            Options.compression_opts.window_bits: -14
2020/08/19-19:15:46.304794 7ff0765d3ac0                  Options.compression_opts.level: 32767
2020/08/19-19:15:46.304795 7ff0765d3ac0               Options.compression_opts.strategy: 0
2020/08/19-19:15:46.304796 7ff0765d3ac0         Options.compression_opts.max_dict_bytes: 0
2020/08/19-19:15:46.304798 7ff0765d3ac0         Options.compression_opts.zstd_max_train_bytes: 0
2020/08/19-19:15:46.304799 7ff0765d3ac0         Options.compression_opts.parallel_threads: 1
2020/08/19-19:15:46.304800 7ff0765d3ac0                  Options.compression_opts.enabled: false
2020/08/19-19:15:46.304801 7ff0765d3ac0      Options.level0_file_num_compaction_trigger: 4
2020/08/19-19:15:46.304802 7ff0765d3ac0          Options.level0_slowdown_writes_trigger: 20
2020/08/19-19:15:46.304803 7ff0765d3ac0              Options.level0_stop_writes_trigger: 36
2020/08/19-19:15:46.304804 7ff0765d3ac0                   Options.target_file_size_base: 67108864
2020/08/19-19:15:46.304806 7ff0765d3ac0             Options.target_file_size_multiplier: 1
2020/08/19-19:15:46.304807 7ff0765d3ac0                Options.max_bytes_for_level_base: 268435456
2020/08/19-19:15:46.304808 7ff0765d3ac0 Options.level_compaction_dynamic_level_bytes: 0
2020/08/19-19:15:46.304809 7ff0765d3ac0          Options.max_bytes_for_level_multiplier: 10.000000
2020/08/19-19:15:46.304811 7ff0765d3ac0 Options.max_bytes_for_level_multiplier_addtl[0]: 1
2020/08/19-19:15:46.304813 7ff0765d3ac0 Options.max_bytes_for_level_multiplier_addtl[1]: 1
2020/08/19-19:15:46.304814 7ff0765d3ac0 Options.max_bytes_for_level_multiplier_addtl[2]: 1
2020/08/19-19:15:46.304815 7ff0765d3ac0 Options.max_bytes_for_level_multiplier_addtl[3]: 1
2020/08/19-19:15:46.304816 7ff0765d3ac0 Options.max_bytes_for_level_multiplier_addtl[4]: 1
2020/08/19-19:15:46.304818 7ff0765d3ac0 Options.max_bytes_for_level_multiplier_addtl[5]: 1
2020/08/19-19:15:46.304819 7ff0765d3ac0 Options.max_bytes_for_level_multiplier_addtl[6]: 1
2020/08/19-19:15:46.304820 7ff0765d3ac0       Options.max_sequential_skip_in_iterations: 8
2020/08/19-19:15:46.304821 7ff0765d3ac0                    Options.max_compaction_bytes: 1677721600
2020/08/19-19:15:46.304822 7ff0765d3ac0                        Options.arena_block_size: 8388608
2020/08/19-19:15:46.304823 7ff0765d3ac0   Options.soft_pending_compaction_bytes_limit: 68719476736
2020/08/19-19:15:46.304825 7ff0765d3ac0   Options.hard_pending_compaction_bytes_limit: 137438953472
2020/08/19-19:15:46.304826 7ff0765d3ac0       Options.rate_limit_delay_max_milliseconds: 1000
2020/08/19-19:15:46.304827 7ff0765d3ac0                Options.disable_auto_compactions: 0
2020/08/19-19:15:46.304829 7ff0765d3ac0                        Options.compaction_style: kCompactionStyleLevel
2020/08/19-19:15:46.304831 7ff0765d3ac0                          Options.compaction_pri: kMinOverlappingRatio
2020/08/19-19:15:46.304832 7ff0765d3ac0 Options.compaction_options_universal.size_ratio: 1
2020/08/19-19:15:46.304833 7ff0765d3ac0 Options.compaction_options_universal.min_merge_width: 2
2020/08/19-19:15:46.304834 7ff0765d3ac0 Options.compaction_options_universal.max_merge_width: 4294967295
2020/08/19-19:15:46.304835 7ff0765d3ac0 Options.compaction_options_universal.max_size_amplification_percent: 200
2020/08/19-19:15:46.304836 7ff0765d3ac0 Options.compaction_options_universal.compression_size_percent: -1
2020/08/19-19:15:46.304838 7ff0765d3ac0 Options.compaction_options_universal.stop_style: kCompactionStopStyleTotalSize
2020/08/19-19:15:46.304839 7ff0765d3ac0 Options.compaction_options_fifo.max_table_files_size: 0
2020/08/19-19:15:46.304840 7ff0765d3ac0 Options.compaction_options_fifo.allow_compaction: 1
2020/08/19-19:15:46.304846 7ff0765d3ac0                   Options.table_properties_collectors: 
2020/08/19-19:15:46.304847 7ff0765d3ac0                   Options.inplace_update_support: 0
2020/08/19-19:15:46.304848 7ff0765d3ac0                 Options.inplace_update_num_locks: 10000
2020/08/19-19:15:46.304849 7ff0765d3ac0               Options.memtable_prefix_bloom_size_ratio: 0.000000
2020/08/19-19:15:46.304851 7ff0765d3ac0               Options.memtable_whole_key_filtering: 0
2020/08/19-19:15:46.304857 7ff0765d3ac0   Options.memtable_huge_page_size: 0
2020/08/19-19:15:46.304859 7ff0765d3ac0                           Options.bloom_locality: 0
2020/08/19-19:15:46.304860 7ff0765d3ac0                    Options.max_successive_merges: 0
2020/08/19-19:15:46.304861 7ff0765d3ac0                Options.optimize_filters_for_hits: 0
2020/08/19-19:15:46.304862 7ff0765d3ac0                Options.paranoid_file_checks: 0
2020/08/19-19:15:46.304863 7ff0765d3ac0                Options.force_consistency_checks: 0
2020/08/19-19:15:46.304864 7ff0765d3ac0                Options.report_bg_io_stats: 0
2020/08/19-19:15:46.304865 7ff0765d3ac0                               Options.ttl: 0
2020/08/19-19:15:46.304866 7ff0765d3ac0          Options.periodic_compaction_seconds: 0
2020/08/19-19:15:46.305294 7ff0765d3ac0 [/version_set.cc:4686] Recovered from manifest file:/home/jinghuan/rocksdb_hdd/MANIFEST-000001 succeeded,manifest_file_number is 1, next_file_number is 3, last_sequence is 0, log_number is 0,prev_log_number is 0,max_column_family is 0,min_log_number_to_keep is 0
2020/08/19-19:15:46.305300 7ff0765d3ac0 [/version_set.cc:4702] Column family [default] (ID 0), log number is 0
2020/08/19-19:15:46.371824 7ff0765d3ac0 [/db_impl/db_impl_open.cc:1610] SstFileManager instance 0x55e65518c1d0
2020/08/19-19:15:46.371849 7ff0765d3ac0 DB pointer 0x55e655195530
2020/08/19-19:15:46.371967 7ff02d7fa700 [/db_impl/db_impl.cc:854] ------- DUMPING STATS -------
2020/08/19-19:15:46.371985 7ff02d7fa700 [/db_impl/db_impl.cc:856] 
** DB Stats **
Uptime(secs): 0.1 total, 0.1 interval
Cumulative writes: 0 writes, 0 keys, 0 commit groups, 0.0 writes per commit group, ingest: 0.00 GB, 0.00 MB/s
Cumulative WAL: 0 writes, 0 syncs, 0.00 writes per sync, written: 0.00 GB, 0.00 MB/s
Cumulative stall: 00:00:0.000 H:M:S, 0.0 percent
Interval writes: 0 writes, 0 keys, 0 commit groups, 0.0 writes per commit group, ingest: 0.00 MB, 0.00 MB/s
Interval WAL: 0 writes, 0 syncs, 0.00 writes per sync, written: 0.00 MB, 0.00 MB/s
Interval stall: 00:00:0.000 H:M:S, 0.0 percent

** Compaction Stats [default] **
Level    Files   Size     Score Read(GB)  Rn(GB) Rnp1(GB) Write(GB) Wnew(GB) Moved(GB) W-Amp Rd(MB/s) Wr(MB/s) Comp(sec) CompMergeCPU(sec) Comp(cnt) Avg(sec) KeyIn KeyDrop
----------------------------------------------------------------------------------------------------------------------------------------------------------------------------
 Sum      0/0    0.00 KB   0.0      0.0     0.0      0.0       0.0      0.0       0.0   0.0      0.0      0.0      0.00              0.00         0    0.000       0      0
 Int      0/0    0.00 KB   0.0      0.0     0.0      0.0       0.0      0.0       0.0   0.0      0.0      0.0      0.00              0.00         0    0.000       0      0

** Compaction Stats [default] **
Priority    Files   Size     Score Read(GB)  Rn(GB) Rnp1(GB) Write(GB) Wnew(GB) Moved(GB) W-Amp Rd(MB/s) Wr(MB/s) Comp(sec) CompMergeCPU(sec) Comp(cnt) Avg(sec) KeyIn KeyDrop
-------------------------------------------------------------------------------------------------------------------------------------------------------------------------------
Uptime(secs): 0.1 total, 0.1 interval
Flush(GB): cumulative 0.000, interval 0.000
AddFile(GB): cumulative 0.000, interval 0.000
AddFile(Total Files): cumulative 0, interval 0
AddFile(L0 Files): cumulative 0, interval 0
AddFile(Keys): cumulative 0, interval 0
Cumulative compaction: 0.00 GB write, 0.00 MB/s write, 0.00 GB read, 0.00 MB/s read, 0.0 seconds
Interval compaction: 0.00 GB write, 0.00 MB/s write, 0.00 GB read, 0.00 MB/s read, 0.0 seconds
Stalls(count): 0 level0_slowdown, 0 level0_slowdown_with_compaction, 0 level0_numfiles, 0 level0_numfiles_with_compaction, 0 stop for pending_compaction_bytes, 0 slowdown for pending_compaction_bytes, 0 memtable_compaction, 0 memtable_slowdown, interval 0 total count

** File Read Latency Histogram By Level [default] **

** Compaction Stats [default] **
Level    Files   Size     Score Read(GB)  Rn(GB) Rnp1(GB) Write(GB) Wnew(GB) Moved(GB) W-Amp Rd(MB/s) Wr(MB/s) Comp(sec) CompMergeCPU(sec) Comp(cnt) Avg(sec) KeyIn KeyDrop
----------------------------------------------------------------------------------------------------------------------------------------------------------------------------
 Sum      0/0    0.00 KB   0.0      0.0     0.0      0.0       0.0      0.0       0.0   0.0      0.0      0.0      0.00              0.00         0    0.000       0      0
 Int      0/0    0.00 KB   0.0      0.0     0.0      0.0       0.0      0.0       0.0   0.0      0.0      0.0      0.00              0.00         0    0.000       0      0

** Compaction Stats [default] **
Priority    Files   Size     Score Read(GB)  Rn(GB) Rnp1(GB) Write(GB) Wnew(GB) Moved(GB) W-Amp Rd(MB/s) Wr(MB/s) Comp(sec) CompMergeCPU(sec) Comp(cnt) Avg(sec) KeyIn KeyDrop
-------------------------------------------------------------------------------------------------------------------------------------------------------------------------------
Uptime(secs): 0.1 total, 0.0 interval
Flush(GB): cumulative 0.000, interval 0.000
AddFile(GB): cumulative 0.000, interval 0.000
AddFile(Total Files): cumulative 0, interval 0
AddFile(L0 Files): cumulative 0, interval 0
AddFile(Keys): cumulative 0, interval 0
Cumulative compaction: 0.00 GB write, 0.00 MB/s write, 0.00 GB read, 0.00 MB/s read, 0.0 seconds
Interval compaction: 0.00 GB write, 0.00 MB/s write, 0.00 GB read, 0.00 MB/s read, 0.0 seconds
Stalls(count): 0 level0_slowdown, 0 level0_slowdown_with_compaction, 0 level0_numfiles, 0 level0_numfiles_with_compaction, 0 stop for pending_compaction_bytes, 0 slowdown for pending_compaction_bytes, 0 memtable_compaction, 0 memtable_slowdown, interval 0 total count

** File Read Latency Histogram By Level [default] **
2020/08/19-19:15:47.708519 7ff02e7fc700 [/db_impl/db_impl_write.cc:1693] [default] New memtable created with log file: #6. Immutable memtables: 0.
2020/08/19-19:15:47.708588 7ff075dcf700 (Original Log Time 2020/08/19-19:15:47.708576) [/db_impl/db_impl_compaction_flush.cc:2249] Calling FlushMemTableToOutputFile with column family [default], flush slots available 1, compaction slots available 1, flush slots scheduled 1, compaction slots scheduled 0
2020/08/19-19:15:47.708590 7ff075dcf700 [/flush_job.cc:322] [default] [JOB 2] Flushing memtable with next log file: 6
2020/08/19-19:15:47.708605 7ff075dcf700 EVENT_LOG_v1 {"time_micros": 1597835747708602, "job": 2, "event": "flush_started", "num_memtables": 1, "num_entries": 491552, "num_deletes": 0, "total_data_size": 58003136, "memory_usage": 65046560, "flush_reason": "Write Buffer Full"}
2020/08/19-19:15:47.708606 7ff075dcf700 [/flush_job.cc:351] [default] [JOB 2] Level-0 flush table #7: started
2020/08/19-19:15:48.171866 7ff075dcf700 EVENT_LOG_v1 {"time_micros": 1597835748171849, "cf_name": "default", "job": 2, "event": "table_file_creation", "file_number": 7, "file_size": 56174662, "table_properties": {"data_size": 55543573, "index_size": 17291, "index_partitions": 0, "top_level_index_size": 0, "index_key_is_user_key": 1, "index_value_is_delta_encoded": 1, "filter_size": 612933, "raw_key_size": 7845408, "raw_average_key_size": 16, "raw_value_size": 49033800, "raw_average_value_size": 100, "num_data_blocks": 849, "num_entries": 490338, "num_deletions": 0, "num_merge_operands": 0, "num_range_deletions": 0, "format_version": 0, "fixed_key_len": 0, "filter_policy": "rocksdb.BuiltinBloomFilter", "column_family_name": "default", "column_family_id": 0, "comparator": "leveldb.BytewiseComparator", "merge_operator": "nullptr", "prefix_extractor_name": "nullptr", "property_collectors": "[]", "compression": "NoCompression", "compression_options": "window_bits=-14; level=32767; strategy=0; max_dict_bytes=0; zstd_max_train_bytes=0; enabled=0; ", "creation_time": 1597835746, "oldest_key_time": 1597835746, "file_creation_time": 1597835747}}
2020/08/19-19:15:48.171878 7ff075dcf700 [/flush_job.cc:402] [default] [JOB 2] Level-0 flush table #7: 56174662 bytes OK
2020/08/19-19:15:48.188315 7ff075dcf700 [/version_set.cc:3942] Creating manifest 8
2020/08/19-19:15:48.313917 7ff075dcf700 (Original Log Time 2020/08/19-19:15:48.188301) [/memtable_list.cc:445] [default] Level-0 commit table #7 started
2020/08/19-19:15:48.313919 7ff075dcf700 (Original Log Time 2020/08/19-19:15:48.313873) [/memtable_list.cc:503] [default] Level-0 commit table #7: memtable #1 done
2020/08/19-19:15:48.313921 7ff075dcf700 (Original Log Time 2020/08/19-19:15:48.313885) EVENT_LOG_v1 {"time_micros": 1597835748313882, "job": 2, "event": "flush_finished", "output_compression": "NoCompression", "lsm_state": [1, 0, 0, 0, 0, 0, 0], "immutable_memtables": 0}
2020/08/19-19:15:48.313922 7ff075dcf700 (Original Log Time 2020/08/19-19:15:48.313895) [/db_impl/db_impl_compaction_flush.cc:205] [default] Level summary: files[1 0 0 0 0 0 0] max score 0.25
2020/08/19-19:15:48.313925 7ff075dcf700 [/db_impl/db_impl_files.cc:357] [JOB 2] Try to delete WAL files size 60460896, prev total WAL file size 90583227, number of live WAL files 2.
2020/08/19-19:15:48.319767 7ff075dcf700 [le/delete_scheduler.cc:69] Deleted file /home/jinghuan/rocksdb_hdd/000003.log immediately, rate_bytes_per_sec 0, total_trash_size 0 max_trash_db_ratio 0.250000
2020/08/19-19:15:49.014227 7ff02e7fc700 [/db_impl/db_impl_write.cc:1693] [default] New memtable created with log file: #9. Immutable memtables: 0.
2020/08/19-19:15:49.014305 7ff075dcf700 (Original Log Time 2020/08/19-19:15:49.014289) [/db_impl/db_impl_compaction_flush.cc:2249] Calling FlushMemTableToOutputFile with column family [default], flush slots available 1, compaction slots available 1, flush slots scheduled 1, compaction slots scheduled 0
2020/08/19-19:15:49.014307 7ff075dcf700 [/flush_job.cc:322] [default] [JOB 3] Flushing memtable with next log file: 9
2020/08/19-19:15:49.014317 7ff075dcf700 EVENT_LOG_v1 {"time_micros": 1597835749014314, "job": 3, "event": "flush_started", "num_memtables": 1, "num_entries": 491570, "num_deletes": 0, "total_data_size": 58005260, "memory_usage": 65030352, "flush_reason": "Write Buffer Full"}
2020/08/19-19:15:49.014319 7ff075dcf700 [/flush_job.cc:351] [default] [JOB 3] Level-0 flush table #10: started
2020/08/19-19:15:49.506026 7ff075dcf700 EVENT_LOG_v1 {"time_micros": 1597835749506009, "cf_name": "default", "job": 3, "event": "table_file_creation", "file_number": 10, "file_size": 56185052, "table_properties": {"data_size": 55553830, "index_size": 17296, "index_partitions": 0, "top_level_index_size": 0, "index_key_is_user_key": 1, "index_value_is_delta_encoded": 1, "filter_size": 613061, "raw_key_size": 7846880, "raw_average_key_size": 16, "raw_value_size": 49043000, "raw_average_value_size": 100, "num_data_blocks": 849, "num_entries": 490430, "num_deletions": 0, "num_merge_operands": 0, "num_range_deletions": 0, "format_version": 0, "fixed_key_len": 0, "filter_policy": "rocksdb.BuiltinBloomFilter", "column_family_name": "default", "column_family_id": 0, "comparator": "leveldb.BytewiseComparator", "merge_operator": "nullptr", "prefix_extractor_name": "nullptr", "property_collectors": "[]", "compression": "NoCompression", "compression_options": "window_bits=-14; level=32767; strategy=0; max_dict_bytes=0; zstd_max_train_bytes=0; enabled=0; ", "creation_time": 1597835747, "oldest_key_time": 1597835747, "file_creation_time": 1597835749}}
2020/08/19-19:15:49.506037 7ff075dcf700 [/flush_job.cc:402] [default] [JOB 3] Level-0 flush table #10: 56185052 bytes OK
2020/08/19-19:15:49.556015 7ff075dcf700 (Original Log Time 2020/08/19-19:15:49.522531) [/memtable_list.cc:445] [default] Level-0 commit table #10 started
2020/08/19-19:15:49.556017 7ff075dcf700 (Original Log Time 2020/08/19-19:15:49.555954) [/memtable_list.cc:503] [default] Level-0 commit table #10: memtable #1 done
2020/08/19-19:15:49.556018 7ff075dcf700 (Original Log Time 2020/08/19-19:15:49.555969) EVENT_LOG_v1 {"time_micros": 1597835749555965, "job": 3, "event": "flush_finished", "output_compression": "NoCompression", "lsm_state": [2, 0, 0, 0, 0, 0, 0], "immutable_memtables": 0}
2020/08/19-19:15:49.556019 7ff075dcf700 (Original Log Time 2020/08/19-19:15:49.555979) [/db_impl/db_impl_compaction_flush.cc:205] [default] Level summary: files[2 0 0 0 0 0 0] max score 0.50
2020/08/19-19:15:49.556022 7ff075dcf700 [/db_impl/db_impl_files.cc:357] [JOB 3] Try to delete WAL files size 60463110, prev total WAL file size 87793341, number of live WAL files 2.
2020/08/19-19:15:49.561749 7ff075dcf700 [le/delete_scheduler.cc:69] Deleted file /home/jinghuan/rocksdb_hdd/000006.log immediately, rate_bytes_per_sec 0, total_trash_size 0 max_trash_db_ratio 0.250000
2020/08/19-19:15:50.318836 7ff02e7fc700 [/db_impl/db_impl_write.cc:1693] [default] New memtable created with log file: #11. Immutable memtables: 0.
2020/08/19-19:15:50.318900 7ff075dcf700 (Original Log Time 2020/08/19-19:15:50.318885) [/db_impl/db_impl_compaction_flush.cc:2249] Calling FlushMemTableToOutputFile with column family [default], flush slots available 1, compaction slots available 1, flush slots scheduled 1, compaction slots scheduled 0
2020/08/19-19:15:50.318902 7ff075dcf700 [/flush_job.cc:322] [default] [JOB 4] Flushing memtable with next log file: 11
2020/08/19-19:15:50.318913 7ff075dcf700 EVENT_LOG_v1 {"time_micros": 1597835750318910, "job": 4, "event": "flush_started", "num_memtables": 1, "num_entries": 491584, "num_deletes": 0, "total_data_size": 58006912, "memory_usage": 65014080, "flush_reason": "Write Buffer Full"}
2020/08/19-19:15:50.318915 7ff075dcf700 [/flush_job.cc:351] [default] [JOB 4] Level-0 flush table #12: started
2020/08/19-19:15:50.781427 7ff075dcf700 EVENT_LOG_v1 {"time_micros": 1597835750781410, "cf_name": "default", "job": 4, "event": "table_file_creation", "file_number": 12, "file_size": 56190844, "table_properties": {"data_size": 55559523, "index_size": 17267, "index_partitions": 0, "top_level_index_size": 0, "index_key_is_user_key": 1, "index_value_is_delta_encoded": 1, "filter_size": 613189, "raw_key_size": 7847728, "raw_average_key_size": 16, "raw_value_size": 49048300, "raw_average_value_size": 100, "num_data_blocks": 849, "num_entries": 490483, "num_deletions": 0, "num_merge_operands": 0, "num_range_deletions": 0, "format_version": 0, "fixed_key_len": 0, "filter_policy": "rocksdb.BuiltinBloomFilter", "column_family_name": "default", "column_family_id": 0, "comparator": "leveldb.BytewiseComparator", "merge_operator": "nullptr", "prefix_extractor_name": "nullptr", "property_collectors": "[]", "compression": "NoCompression", "compression_options": "window_bits=-14; level=32767; strategy=0; max_dict_bytes=0; zstd_max_train_bytes=0; enabled=0; ", "creation_time": 1597835749, "oldest_key_time": 1597835749, "file_creation_time": 1597835750}}
2020/08/19-19:15:50.781438 7ff075dcf700 [/flush_job.cc:402] [default] [JOB 4] Level-0 flush table #12: 56190844 bytes OK
2020/08/19-19:15:50.831375 7ff075dcf700 (Original Log Time 2020/08/19-19:15:50.797924) [/memtable_list.cc:445] [default] Level-0 commit table #12 started
2020/08/19-19:15:50.831377 7ff075dcf700 (Original Log Time 2020/08/19-19:15:50.831325) [/memtable_list.cc:503] [default] Level-0 commit table #12: memtable #1 done
2020/08/19-19:15:50.831378 7ff075dcf700 (Original Log Time 2020/08/19-19:15:50.831340) EVENT_LOG_v1 {"time_micros": 1597835750831336, "job": 4, "event": "flush_finished", "output_compression": "NoCompression", "lsm_state": [3, 0, 0, 0, 0, 0, 0], "immutable_memtables": 0}
2020/08/19-19:15:50.831380 7ff075dcf700 (Original Log Time 2020/08/19-19:15:50.831350) [/db_impl/db_impl_compaction_flush.cc:205] [default] Level summary: files[3 0 0 0 0 0 0] max score 0.75
2020/08/19-19:15:50.831383 7ff075dcf700 [/db_impl/db_impl_files.cc:357] [JOB 4] Try to delete WAL files size 60464832, prev total WAL file size 85916730, number of live WAL files 2.
2020/08/19-19:15:50.837180 7ff075dcf700 [le/delete_scheduler.cc:69] Deleted file /home/jinghuan/rocksdb_hdd/000009.log immediately, rate_bytes_per_sec 0, total_trash_size 0 max_trash_db_ratio 0.250000
2020/08/19-19:15:51.673727 7ff02e7fc700 [/db_impl/db_impl_write.cc:1693] [default] New memtable created with log file: #13. Immutable memtables: 0.
2020/08/19-19:15:51.673790 7ff075dcf700 (Original Log Time 2020/08/19-19:15:51.673777) [/db_impl/db_impl_compaction_flush.cc:2249] Calling FlushMemTableToOutputFile with column family [default], flush slots available 1, compaction slots available 1, flush slots scheduled 1, compaction slots scheduled 0
2020/08/19-19:15:51.673792 7ff075dcf700 [/flush_job.cc:322] [default] [JOB 5] Flushing memtable with next log file: 13
2020/08/19-19:15:51.673803 7ff075dcf700 EVENT_LOG_v1 {"time_micros": 1597835751673800, "job": 5, "event": "flush_started", "num_memtables": 1, "num_entries": 491587, "num_deletes": 0, "total_data_size": 58007266, "memory_usage": 65013984, "flush_reason": "Write Buffer Full"}
2020/08/19-19:15:51.673805 7ff075dcf700 [/flush_job.cc:351] [default] [JOB 5] Level-0 flush table #14: started
2020/08/19-19:15:52.140076 7ff075dcf700 EVENT_LOG_v1 {"time_micros": 1597835752140060, "cf_name": "default", "job": 5, "event": "table_file_creation", "file_number": 14, "file_size": 56187451, "table_properties": {"data_size": 55556105, "index_size": 17292, "index_partitions": 0, "top_level_index_size": 0, "index_key_is_user_key": 1, "index_value_is_delta_encoded": 1, "filter_size": 613189, "raw_key_size": 7847312, "raw_average_key_size": 16, "raw_value_size": 49045700, "raw_average_value_size": 100, "num_data_blocks": 849, "num_entries": 490457, "num_deletions": 0, "num_merge_operands": 0, "num_range_deletions": 0, "format_version": 0, "fixed_key_len": 0, "filter_policy": "rocksdb.BuiltinBloomFilter", "column_family_name": "default", "column_family_id": 0, "comparator": "leveldb.BytewiseComparator", "merge_operator": "nullptr", "prefix_extractor_name": "nullptr", "property_collectors": "[]", "compression": "NoCompression", "compression_options": "window_bits=-14; level=32767; strategy=0; max_dict_bytes=0; zstd_max_train_bytes=0; enabled=0; ", "creation_time": 1597835750, "oldest_key_time": 1597835750, "file_creation_time": 1597835751}}
2020/08/19-19:15:52.140091 7ff075dcf700 [/flush_job.cc:402] [default] [JOB 5] Level-0 flush table #14: 56187451 bytes OK
2020/08/19-19:15:52.190054 7ff075dcf700 (Original Log Time 2020/08/19-19:15:52.156599) [/memtable_list.cc:445] [default] Level-0 commit table #14 started
2020/08/19-19:15:52.190056 7ff075dcf700 (Original Log Time 2020/08/19-19:15:52.189999) [/memtable_list.cc:503] [default] Level-0 commit table #14: memtable #1 done
2020/08/19-19:15:52.190057 7ff075dcf700 (Original Log Time 2020/08/19-19:15:52.190014) EVENT_LOG_v1 {"time_micros": 1597835752190011, "job": 5, "event": "flush_finished", "output_compression": "NoCompression", "lsm_state": [4, 0, 0, 0, 0, 0, 0], "immutable_memtables": 0}
2020/08/19-19:15:52.190058 7ff075dcf700 (Original Log Time 2020/08/19-19:15:52.190029) [/db_impl/db_impl_compaction_flush.cc:205] [default] Level summary: files[4 0 0 0 0 0 0] max score 1.00
2020/08/19-19:15:52.190061 7ff075dcf700 [/db_impl/db_impl_files.cc:357] [JOB 5] Try to delete WAL files size 60465201, prev total WAL file size 86925945, number of live WAL files 2.
2020/08/19-19:15:52.190098 7ff057fff700 [/compaction/compaction_job.cc:1696] [default] [JOB 6] Compacting 4@0 files to L1, score 1.00
2020/08/19-19:15:52.190104 7ff057fff700 [/compaction/compaction_job.cc:1702] [default] Compaction start summary: Base version 5 Base level 0, inputs: [14(53MB) 12(53MB) 10(53MB) 7(53MB)]
2020/08/19-19:15:52.190116 7ff057fff700 EVENT_LOG_v1 {"time_micros": 1597835752190108, "job": 6, "event": "compaction_started", "compaction_reason": "LevelL0FilesNum", "files_L0": [14, 12, 10, 7], "score": 1, "input_data_size": 224738009}
2020/08/19-19:15:52.195894 7ff075dcf700 [le/delete_scheduler.cc:69] Deleted file /home/jinghuan/rocksdb_hdd/000011.log immediately, rate_bytes_per_sec 0, total_trash_size 0 max_trash_db_ratio 0.250000
2020/08/19-19:15:52.748566 7ff057fff700 [/compaction/compaction_job.cc:1367] [default] [JOB 6] Generated table #15: 594501 keys, 67895198 bytes
2020/08/19-19:15:52.748594 7ff057fff700 EVENT_LOG_v1 {"time_micros": 1597835752748582, "cf_name": "default", "job": 6, "event": "table_file_creation", "file_number": 15, "file_size": 67895198, "table_properties": {"data_size": 67129833, "index_size": 21267, "index_partitions": 0, "top_level_index_size": 0, "index_key_is_user_key": 1, "index_value_is_delta_encoded": 1, "filter_size": 743237, "raw_key_size": 9512016, "raw_average_key_size": 16, "raw_value_size": 59450100, "raw_average_value_size": 100, "num_data_blocks": 1026, "num_entries": 594501, "num_deletions": 0, "num_merge_operands": 0, "num_range_deletions": 0, "format_version": 0, "fixed_key_len": 0, "filter_policy": "rocksdb.BuiltinBloomFilter", "column_family_name": "default", "column_family_id": 0, "comparator": "leveldb.BytewiseComparator", "merge_operator": "nullptr", "prefix_extractor_name": "nullptr", "property_collectors": "[]", "compression": "NoCompression", "compression_options": "window_bits=-14; level=32767; strategy=0; max_dict_bytes=0; zstd_max_train_bytes=0; enabled=0; ", "creation_time": 1597835746, "oldest_key_time": 0, "file_creation_time": 1597835752}}
2020/08/19-19:15:52.975806 7ff02e7fc700 [/db_impl/db_impl_write.cc:1693] [default] New memtable created with log file: #17. Immutable memtables: 0.
2020/08/19-19:15:52.975861 7ff075dcf700 (Original Log Time 2020/08/19-19:15:52.975851) [/db_impl/db_impl_compaction_flush.cc:2249] Calling FlushMemTableToOutputFile with column family [default], flush slots available 1, compaction slots available 1, flush slots scheduled 1, compaction slots scheduled 1
2020/08/19-19:15:52.975864 7ff075dcf700 [/flush_job.cc:322] [default] [JOB 7] Flushing memtable with next log file: 17
2020/08/19-19:15:52.975875 7ff075dcf700 EVENT_LOG_v1 {"time_micros": 1597835752975872, "job": 7, "event": "flush_started", "num_memtables": 1, "num_entries": 491478, "num_deletes": 0, "total_data_size": 57994404, "memory_usage": 65014048, "flush_reason": "Write Buffer Full"}
2020/08/19-19:15:52.975876 7ff075dcf700 [/flush_job.cc:351] [default] [JOB 7] Level-0 flush table #18: started
2020/08/19-19:15:53.521628 7ff057fff700 [/compaction/compaction_job.cc:1367] [default] [JOB 6] Generated table #16: 594501 keys, 67894935 bytes
